  2:   0,   1
  3:   0,   1,   3
  4:   0,   1,   3,   9
  5:   0,   1,   4,  14,  16
  6:   0,   1,   3,   8,  12,  18
  6:   0,   1,   3,  10,  14,  26
  8:   0,   1,   3,  13,  32,  36,  43,  52
  9:   0,   1,   3,   7,  15,  31,  36,  54,  63
 10:   0,   1,   3,   9,  27,  49,  56,  61,  77,  81
 12:   0,   1,   3,  12,  20,  34,  38,  81,  88,  94, 104, 109
 14:   0,   1,   3,  16,  23,  28,  42,  76,  82,  86, 119, 137, 154, 175
 17:   0,   1,   3,   7,  15,  31,  63,  90, 116, 127, 136, 181, 194, 204, 233, 238, 255
 18:   0,   1,   3,  21,  25,  31,  68,  77,  91, 170, 177, 185, 196, 212, 225, 257, 269, 274
